# Measuring thermalization process at
# different powers

# time1    time2      R current
1610148399 1610150199 1 1.00e-8
1610150199 1610151999 1 3.16e-8
1610151999 1610153800 1 1.00e-7
1610153800 1610155600 1 3.16e-7
1610155600 1610157400 1 1.00e-6
1610157400 1610159201 1 3.16e-7
1610159201 1610161001 1 1.00e-7
1610161001 1610162801 1 3.16e-8
1610162801 1610164602 1 1.00e-8
1610168202 1610170002 2 1.00e-8
1610170002 1610171803 2 3.16e-8
1610171803 1610173603 2 1.00e-7
1610173603 1610175403 2 3.16e-7
1610175403 1610177204 2 1.00e-6
1610177204 1610179004 2 3.16e-7
1610179004 1610180804 2 1.00e-7
1610180804 1610182605 2 3.16e-8
1610182605 1610184405 2 1.00e-8
1610188005 1610189805 3 1.00e-8
1610189805 1610191606 3 3.16e-8
1610191606 1610193406 3 1.00e-7
1610193406 1610195206 3 3.16e-7
1610195206 1610197007 3 1.00e-6
1610197007 1610198807 3 3.16e-7
1610198807 1610200608 3 1.00e-7
1610200608 1610202408 3 3.16e-8
1610202408 1610204208 3 1.00e-8
1610207808 1610209609 4 1.00e-8
1610209609 1610211409 4 3.16e-8
1610211409 1610213209 4 1.00e-7
1610213209 1610215009 4 3.16e-7
1610215009 1610216810 4 1.00e-6
1610216810 1610218610 4 3.16e-7
1610218610 1610220410 4 1.00e-7
1610220410 1610222210 4 3.16e-8
1610222210 1610224011 4 1.00e-8

1610233400 1610235200 1 1.00e-8
1610235200 1610237000 1 3.16e-8
1610237000 1610238801 1 1.00e-7
1610238801 1610240601 1 3.16e-7
1610240601 1610242401 1 1.00e-6
1610242401 1610244202 1 3.16e-7
1610244202 1610246002 1 1.00e-7
1610246002 1610247802 1 3.16e-8
1610247802 1610249603 1 1.00e-8
1610253203 1610255003 2 1.00e-8
1610255003 1610256803 2 3.16e-8
1610256803 1610258604 2 1.00e-7
1610258604 1610260404 2 3.16e-7
1610260404 1610262205 2 1.00e-6
1610262205 1610264005 2 3.16e-7
1610264005 1610265805 2 1.00e-7
1610265805 1610267606 2 3.16e-8
1610267606 1610269406 2 1.00e-8
1610273006 1610274806 3 1.00e-8
1610274807 1610276607 3 3.16e-8
1610276607 1610278407 3 1.00e-7
1610278407 1610280208 3 3.16e-7
1610280208 1610282008 3 1.00e-6
1610282008 1610283808 3 3.16e-7
1610283808 1610285609 3 1.00e-7
1610285609 1610287409 3 3.16e-8
1610287409 1610289209 3 1.00e-8
1610292809 1610294610 4 1.00e-8
1610294610 1610296410 4 3.16e-8
1610296410 1610298210 4 1.00e-7
1610298210 1610300011 4 3.16e-7
1610300011 1610301811 4 1.00e-6
1610301811 1610303612 4 3.16e-7
1610303612 1610305412 4 1.00e-7
1610305412 1610307212 4 3.16e-8
1610307212 1610309012 4 1.00e-8

1610321849 1610328769 4 1.00e-8
1610328769 1610333769 4 3.16e-8
1610333769 1610338769 4 1.00e-7
1610338769 1610343769 4 3.16e-7
1610343769 1610348770 4 1.00e-6
1610348770 1610353770 4 1.00e-8
